0
0.091
0.165
0.248
0.285
0.329
0.358
0.408
0.44
0.44
0.456
0.471
0.482
0.497
0.54
0.556
0.587
0.621
0.636
0.668
0.677
0.719
0.721
0.739
0.763
0.793
0.808
0.815
0.827
0.863
0.863
0.863
0.863
0.887
0.887
0.887
0.907
0.907
0.907
0.907
0.907
0.907
0.907
0.907
0.907
0.907
0.907
0.94
0.94
0.975
0.977
0.978
0.98
0.98
0.98
1.033
1.062
1.112
1.116
1.131
1.131
1.131
1.131
1.142
1.21
1.21
1.21
1.224
1.227
1.227
1.227
1.241
1.27
1.279
1.302
1.326
1.347
1.347
1.347
1.347
1.361
1.394
1.401
1.439
1.454
1.454
1.454
1.454
1.517
1.577
1.593
1.638
1.718
1.762
1.79
1.865
1.866
1.954
2.045
2.131