0
8.134
8.196
8.223
8.257
8.275
8.296
8.308
8.331
8.337
8.361
8.368
8.38
8.396
8.414
8.431
8.436
8.458
8.467
8.478
8.495
8.499
8.521
8.532
8.551
8.56
8.576
8.595
8.604
8.623
8.638
8.649
8.657
8.675
8.682
8.696
8.709
8.722
8.734
8.751
8.754
8.762
8.78
8.789
8.8
8.815
8.825
8.842
8.852
8.865
8.878
8.894
8.908
8.921
8.941
8.958
8.973
8.989
9.004
9.024
9.038
9.056
9.079
9.096
9.117
9.138
9.159
9.178
9.201
9.207
9.238
9.257
9.282
9.293
9.316
9.328
9.354
9.361
9.389
9.409
9.432
9.447
9.473
9.493
9.53
9.56
9.595
9.628
9.662
9.698
9.757
9.791
9.86
9.898
9.97
10.071
10.201
10.328
10.463
10.632